2708 5278
634 1863 2583 
3 653 655 
2 333 1455 1667 1987 
2545 
1017 1257 1762 2176 2177 
1630 1660 2547 
374 1043 1417 1603 
209 
270 282 1997 
724 2615 
477 2546 
1656 1840 
1002 1319 2662 2663 
1702 1811 
159 2035 2076 2078 2669 
1091 1094 1272 2368 
971 1633 2445 2643 
25 928 1316 1317 2141 
140 1561 1787 2083 2146 
1940 
1073 2270 2271 2375 2376 
1044 2311 
40 1235 1703 1704 2239 
2160 
18 202 599 1637 1702 2140 2142 
1302 1345 2012 2318 
100 123 124 2455 2456 
607 1811 2361 2579 
1688 
964 2646 
698 739 1359 1417 2163 2344 
1595 
280 519 1851 1974 
287 589 699 912 1052 2041 2120 2121 2122 
1359 
896 1297 1914 
1147 1506 1553 1641 1782 2095 2107 2108 
61 1191 2428 
430 863 864 1161 
23 1350 1523 1533 1635 1966 2358 
508 867 1365 
176 597 645 1915 
88 1373 
153 964 1531 1654 2400 2401 
1583 2625 2702 
734 1220 1987 2304 2668 2669 
1605 2367 
164 1580 
599 715 1032 1663 1667 2042 2206 2207 2472 
1667 2035 
1442 
458 711 1393 2214 2215 2216 
1140 1468 2054 2173 2183 
1104 1359 1740 
402 768 
61 211 324 652 772 788 816 1080 1157 1984 2021 2022 
413 448 1617 1850 
2419 
1716 
106 581 610 616 1068 1288 1359 1628 1726 2652 
38 56 1528 
1081 1310 1417 2163 2313 
486 
1323 
1210 1738 2617 
240 544 620 772 1157 1294 1629 2022 2419 2420 
2632 
283 541 2629 
392 1359 1987 
605 1014 1352 1915 1921 1927 2190 
442 2185 
207 1987 2692 
1104 1359 
450 559 798 877 1036 1137 1190 1215 1359 1724 1746 1752 
545 587 1043 1119 1417 1518 2053 2156 2420 
85 584 2223 2224 2225 2226 
89 2019 2179 
660 1804 
1220 1330 1419 
604 2098 
258 1118 2050 
348 424 528 2181 
1139 1635 
1521 2582 
76 285 2224 2225 2227 
1066 2488 2489 
430 1337 2035 2296 
43 843 2165 
77 131 163 301 416 499 697 738 744 816 842 852 1175 1289 1310 1395 1495 1528 1659 1678 1714 1733 1742 1848 1883 1909 2011 2012 2013 2014 2015 2016 2017 2018 2179 2395 
259 885 1088 1095 1158 1402 1531 1586 1654 2464 
156 157 818 1359 
331 1047 2002 2123 2124 2381 
899 1837 
551 951 1496 2152 
196 587 676 734 935 1650 1967 2264 2356 2358 2491 
335 457 694 735 737 862 1304 1536 1581 1603 1629 1839 2055 2075 2182 2183 2184 2198 2200 2201 2202 
2218 
662 1354 
1522 
27 123 124 2455 2456 2605 
1603 2057 
282 1359 1590 
110 1252 1449 1562 1624 1872 1879 2257 
140 307 485 609 1776 1791 
402 865 1066 2211 
60 1722 2477 2652 
2462 
542 972 1114 1651 
1648 2158 2210 
103 125 134 154 177 237 290 307 319 427 460 520 564 611 1046 1338 1347 1625 1662 1770 1773 1780 1786 1788 1790 1806 1999 2046 2093 2094 2095 2096 
568 1162 1263 1600 2280 
759 1170 1359 1763 2493 2644 
307 488 1624 2081 
541 748 1885 
611 2289 2507 
974 
1077 1502 
260 2538 
256 389 447 455 555 582 843 1030 1344 1508 1539 1617 1691 1852 2011 2031 2113 2166 2167 
380 647 1538 1550 1902 1960 
484 515 817 1843 2406 
590 803 981 1159 1911 2252 2253 
27 100 2455 2456 
27 100 2456 2605 
110 307 1368 1623 2479 
459 2364 
237 307 1552 1624 2046 2080 
2605 
234 371 393 2271 
442 702 
89 1983 2018 
835 2170 
380 480 905 1023 1960 
110 400 453 1624 1671 1778 1785 2046 2083 
407 
138 2096 2145 
832 
136 2145 2330 2505 
237 307 1777 
19 104 307 661 911 1624 1781 2046 
583 624 
741 1003 2035 
457 526 1629 2050 2182 
317 599 1702 
146 214 1594 2193 
145 214 538 1166 1594 2623 
898 1469 1908 1928 2060 
1520 1977 
379 382 603 715 2519 
1081 1417 1656 2026 
311 915 1943 
1987 2237 2239 2336 
44 885 2239 2241 
110 237 307 460 1624 2046 
327 365 820 1239 1340 1359 1445 1569 1753 1754 1755 2526 
91 157 818 1359 1690 1737 1764 
91 156 818 1359 1690 1764 
599 1702 1871 2494 
15 181 1702 2035 
181 2309 
278 554 744 746 1987 2001 2010 
843 2011 
89 324 1175 1269 1668 
48 
211 212 
599 1474 2707 2708 
272 2618 
169 1057 2438 2483 
168 2438 2439 
1995 2707 
1068 1359 
776 791 1549 
241 513 757 1693 2188 
688 1034 1359 1587 
630 1359 1743 2335 
42 597 956 1915 2136 2218 2389 
110 232 974 
727 1640 2680 2683 
834 
198 232 1987 
159 160 776 791 792 1021 1808 2005 2038 2077 
1014 1360 1465 1684 
184 998 
183 998 1838 
521 
298 2004 
1229 1320 1537 1673 2581 2703 
1209 
1170 1728 
565 1073 1263 1510 
492 2136 
383 609 1678 1792 1999 2386 
2473 
442 459 
474 1051 1452 2565 2647 
95 2425 
430 443 2123 
180 232 2413 
1256 
421 1870 
1440 2677 
25 298 571 599 1702 1987 2431 
354 1174 1251 1346 
855 858 964 1116 1870 
416 
1702 1870 
72 2692 
834 
8 
2682 
56 165 1080 1615 1627 1672 1906 1907 1908 2310 
165 357 1395 1909 1910 
1291 
145 146 1594 2193 
2195 
1702 1987 2046 
1543 1702 
244 2474 2475 
483 734 782 793 1021 1349 1383 2077 2092 2120 2595 
508 1414 1543 
377 818 914 
818 
822 
745 1155 1762 
1811 2035 
2256 
1702 
535 884 
323 849 1359 1722 1872 
1054 1406 1895 2119 
550 578 1096 1218 1811 
177 180 198 233 388 552 1702 1869 2218 
232 870 1702 1865 1987 
129 
611 2592 
1702 
110 127 139 154 307 1073 1573 2046 2047 2079 2080 
2540 
1829 
66 620 888 911 1070 1221 1275 1377 1760 1910 2022 2183 2419 
173 513 757 1473 1693 
1442 
280 839 1132 2281 
218 474 2475 2648 2649 
566 1073 1359 1611 
783 1163 
937 1359 1688 2516 
2584 
1265 1532 1965 
622 1885 1979 
2430 
254 508 813 1301 1414 1543 1934 
712 974 1974 2486 
252 508 1414 
508 1212 
119 1267 1344 2113 
757 
81 965 1389 2181 
90 964 1095 1154 1241 1402 2646 
118 2538 
366 
874 1480 1702 1895 
1352 1465 
365 733 1104 
473 845 1827 1903 
1442 
579 810 2228 2230 
671 2001 2374 
1741 2452 
9 322 419 2544 2552 
280 839 1196 1216 2281 
167 639 1971 2388 2499 
2013 
375 847 
749 750 
806 1968 
1464 1696 2134 
161 554 697 974 1870 
1186 
33 243 271 305 503 667 839 1196 2166 2281 2345 2424 
1536 2156 
9 102 747 1001 1348 1383 2245 2248 
68 748 
1560 2251 
85 584 2223 2224 2225 2226 2227 
503 2000 
34 443 699 
2706 
619 
110 1359 1723 
329 568 688 1766 2360 
1693 
2563 
2039 
307 2048 
1177 1178 
733 2686 
186 202 599 900 1543 
608 1096 1326 
1485 2384 2387 2388 2499 
89 416 635 
1170 2493 
307 351 720 1159 1254 
720 1671 2144 
280 1173 1858 2424 
1417 1928 
104 110 113 125 127 139 140 154 237 295 303 309 330 351 418 427 453 477 488 520 543 555 574 582 609 656 657 720 888 911 959 974 1010 1046 1073 1159 1194 1246 1252 1347 1368 1484 1491 1552 1573 1585 1641 1652 1657 1706 1771 1772 1773 1776 1780 1782 1783 1788 1798 1799 1800 1803 1805 1806 1857 2046 2047 2049 2079 2081 2085 2086 2087 2088 2089 2090 2091 2092 
992 
307 351 1254 1671 2046 
384 2269 2306 
151 353 876 893 991 1242 1273 1332 1582 1816 1945 1946 1947 1948 1949 1950 1951 
344 691 1133 1866 
1611 1723 1741 
2297 
1624 2001 
409 424 1603 1922 2233 
144 599 767 846 921 1074 1298 1822 1869 2005 
1625 1786 
110 564 1702 2046 
1206 
349 1598 
270 1084 1451 
229 
56 163 499 2021 2023 
828 2157 2195 
788 1849 
155 1359 1755 
929 1326 1997 2064 2065 
291 952 1251 
307 1799 2599 
92 1506 2124 
1528 2481 
3 666 2004 2123 2616 
1359 1695 
96 694 1014 
1702 1987 
1945 1951 
1215 1359 1500 1777 
1414 1543 1935 
814 
585 2464 
614 1359 1390 1547 2046 
1073 1513 
312 1702 
390 442 662 855 2324 
834 
1000 1359 
82 409 424 526 
321 1644 2249 2251 
420 466 2428 
303 307 309 407 657 1624 1641 1776 1779 1783 2085 2086 2090 2091 
1811 
311 1295 1945 
203 1174 1346 2508 
660 1804 2454 
1669 
212 499 1260 2019 2117 
658 1155 1359 2653 
2643 
390 1484 1621 
1410 1825 
2682 
1967 
1004 
155 264 733 820 971 1307 1359 1607 1633 1757 2643 
261 2470 
554 746 1584 1987 
2084 2452 
429 997 1195 1367 1546 2250 2394 
386 2485 
129 1409 1415 1416 2270 
721 1355 1415 1416 1442 1554 2376 
627 1711 1835 2378 
7 1026 1043 
274 414 847 1102 2147 2148 2150 
964 2402 2435 2436 
221 673 1584 
679 734 1266 2292 
149 603 
120 133 905 1023 1899 1960 
478 931 2570 
149 2519 2539 
192 1204 2035 
310 734 1705 2269 
1624 1625 
370 2484 2485 
2115 2116 2118 
232 520 2192 
119 1900 2498 
345 360 705 906 1078 1484 1744 2451 
1109 
69 494 1987 2366 
129 721 1416 1620 1826 2270 
740 
578 850 1064 1065 2352 
641 1148 2368 
1218 1989 
666 880 1097 2330 
731 2178 
134 545 1090 1770 2108 
1355 
55 105 734 1066 1097 1161 
508 777 1414 1543 1933 1937 1941 
465 807 1038 1384 1743 2504 2655 
1171 1477 
739 1276 1928 2060 
135 351 506 2506 
410 696 1682 1683 
316 348 526 735 1842 2057 
408 1625 1682 2085 
677 1180 
1097 1489 1578 2610 
57 1617 1850 
375 
712 
89 205 301 526 594 738 819 852 967 1175 1310 1528 1645 1678 1844 1848 1851 1909 2015 2179 2183 
520 1702 
307 1073 1872 2035 2495 
270 
350 
200 1870 
2214 2217 
546 
82 316 348 526 528 
437 1204 
2467 
110 307 488 1773 1778 1783 1790 1806 
566 1529 
369 997 1258 2249 2672 
39 87 197 524 706 795 864 1494 1619 1670 1808 1890 2002 2042 2044 2045 
2131 
2695 2696 
1443 1598 
437 757 
1118 1525 1694 2134 2409 
487 734 1913 
425 434 484 499 669 817 879 886 1040 1132 1333 1495 1978 1979 1980 1981 1982 1983 
499 719 951 1496 1986 
719 788 1668 1984 1985 1986 
1170 1643 
442 726 896 1297 1914 2180 
71 130 194 345 441 455 672 1456 1538 2095 2185 
197 287 589 628 699 1052 2121 2363 
1011 1265 1532 1967 
489 516 583 624 829 2290 2291 2465 
910 1435 
119 904 1508 
57 1617 1850 2639 
473 1825 1827 1903 
74 1281 1835 2582 
1570 2539 
672 936 2286 
134 307 1259 1624 
1807 2306 2307 
119 442 582 974 1442 1662 1918 2023 2189 2190 2191 
1665 2148 2487 
96 143 526 545 668 1581 2055 2200 2348 2473 
52 1202 2216 2217 
126 194 1123 1277 1556 1954 
110 154 1624 1682 
1987 1990 2533 
1204 2310 
1049 
1703 1704 1965 1967 
404 1759 2445 2446 
350 897 1404 1870 2305 
971 1306 1359 1739 2547 
1173 1702 1709 
648 1312 1314 
621 2305 2413 
653 855 858 1098 1116 
1014 2014 2395 
265 449 560 845 1183 1184 1826 2030 
195 244 1576 2648 
1182 
2220 
11 307 1141 1801 1987 
381 931 2570 
515 1979 2025 
133 1881 
599 688 1427 1711 2360 2373 
824 1288 1811 2292 
219 791 1808 1811 1813 1815 2231 2308 2309 
121 437 817 2406 
104 543 1368 1700 1776 2047 2082 
63 840 1043 2220 
436 2078 2668 2669 
113 307 427 656 860 1706 1773 1774 1783 1799 2027 2081 
445 2548 
1359 2391 2392 
827 1132 1310 1464 1880 1974 1982 2100 2106 
191 
689 957 1258 1534 2539 2674 2679 
392 1245 1760 
2615 
1328 1329 2193 
597 712 993 
2420 
89 324 357 437 438 1653 
2458 2459 
2242 
1359 1766 
280 286 1977 
577 1693 2002 
1974 2395 2397 
407 574 844 1181 1252 1259 1305 1449 1561 1780 2084 
1014 1353 1915 1919 
41 220 252 254 255 403 813 1177 1212 1301 1364 1414 1932 1934 1937 1941 1942 2509 
2326 
1102 2147 2149 
1014 1132 1172 
550 1811 
173 241 757 1473 1693 
566 658 1529 
121 479 1315 1883 1979 
445 624 1103 2465 2466 2548 
1883 2105 
953 2106 
33 667 1374 2424 
110 307 388 417 599 837 1347 1575 1671 1987 1999 2046 
185 
599 
2098 
430 950 2407 
553 980 1170 1359 2477 
143 348 409 416 424 457 1541 1629 2055 2058 2173 2181 2182 2183 2184 
566 1008 1217 1743 
82 424 
804 
1418 1420 2261 
1014 1506 2095 
607 2309 
1702 1864 
1743 2467 
228 610 630 934 
2393 2642 
568 1895 
146 1166 1594 1699 2193 
1287 
712 1617 2156 
68 114 748 1442 2528 
108 648 905 1023 1361 1897 
307 485 1246 1624 
66 985 
75 400 457 1581 1770 2053 2200 2348 
423 
1609 2128 
599 1702 
810 844 1524 1938 2139 
231 512 1498 1811 
94 
232 2389 
525 1170 1359 2202 
161 278 367 746 1128 1584 1996 2010 
119 307 686 
1464 
1624 1806 
1726 
74 877 1190 1707 2586 
473 1183 1580 
775 2527 
1017 
705 1484 1736 2451 
110 319 1338 1702 2046 
190 1263 2477 
245 428 514 527 688 1039 1362 1399 1529 1611 1724 2280 
1908 1987 
111 291 537 632 761 1263 1514 
1117 1224 1811 
1760 2513 
202 2431 
697 1571 
1417 2026 2419 
307 506 644 1314 2408 
577 1693 2002 
2284 
504 575 666 1811 2349 
231 395 850 871 907 1064 1130 1519 2352 2353 2354 2355 
267 1106 1880 1975 
995 1135 1809 
60 745 1359 1743 1759 1766 2445 2446 
119 307 455 1617 1624 1793 
141 445 2549 2550 
76 285 2225 2226 
341 624 2290 2464 2465 
2527 
75 95 1219 1225 2156 
1033 
34 443 699 2384 
122 981 1159 1625 
1442 1955 
643 1018 1079 1424 2473 
2670 
416 1116 1475 
664 2196 
1017 1257 2177 
42 176 497 645 993 1915 
1105 1629 
25 49 144 158 166 202 298 317 481 520 522 548 638 767 846 870 969 1004 1101 1108 1298 1300 1302 1474 1574 1637 1822 1824 1865 1871 1876 2139 2708 
1094 1272 
2395 
2230 
149 379 
80 717 796 1249 1822 1874 2046 
70 1352 1653 1915 2110 
1108 2535 
28 532 1667 2231 2361 2362 
299 1214 1665 
104 192 307 1624 2081 
60 535 884 1042 1359 2447 2448 2449 
110 115 235 827 2288 2289 2482 
2691 
2236 
342 1359 
889 1476 2471 
60 2444 
1359 1740 2366 2504 
706 2035 
289 939 
66 240 
470 924 2535 
250 1333 1979 2019 
887 1003 1952 1953 
141 445 516 585 2290 2465 
1043 1233 
1025 
373 1359 2557 2559 
443 2123 2239 2336 
1170 1726 1765 2547 
175 535 884 
974 
568 2359 
1431 
1 1702 1867 
301 2228 
2059 
2234 
599 1642 
272 784 809 894 925 1774 2388 
901 
396 766 895 1091 1599 2421 
2705 
592 2473 
574 1168 1539 2408 
42 597 712 729 1259 2178 
892 951 1268 1359 1496 1825 1827 1896 1899 1900 1901 1902 
120 
469 542 905 1268 1361 
1442 
1172 1458 
820 1251 1487 1558 1686 1757 2084 
56 886 1668 1985 2024 2025 2157 
2 471 
1232 
2 
307 488 2081 
307 351 2091 
358 514 868 872 1230 1255 1730 1741 2441 2443 2523 2524 
2148 
78 355 1804 
140 1624 
98 345 808 831 936 1029 1046 1354 1879 1880 1881 1882 1883 1884 1885 1886 
933 
595 2196 
1702 
333 398 577 2121 2123 
280 519 1851 1974 
457 2365 2473 
437 
730 1087 1125 
268 2607 
442 452 974 2026 
377 2457 
1908 1987 
1908 
95 2357 
411 1956 2236 
955 
378 734 
1396 
2200 
1172 1446 1447 1987 
974 1225 
835 2170 
1283 1359 
555 
1359 2367 
174 291 481 566 1034 1172 1359 1547 1587 1611 1711 1722 1726 2360 2373 
493 1258 
1170 1293 1318 1359 1722 
312 
2035 2131 
2630 
96 335 764 1852 2109 
1479 2517 
408 949 1013 1337 1682 1683 1791 1999 2320 
89 278 572 1571 
31 1081 
34 287 443 589 1016 
1702 2046 2328 
1692 
130 736 740 2063 
778 780 823 994 1369 1638 2070 2071 2102 
802 1962 2498 
390 563 970 1413 1484 1744 2114 2451 
430 618 
806 964 1241 2239 2646 
764 
837 1359 2213 2217 
1897 1904 
52 1393 2213 2214 
253 415 497 540 645 1286 2112 2113 2114 
851 1465 2481 
1045 
49 149 1386 
2292 
604 1811 1822 2410 
1908 
438 439 1417 2060 2262 
303 304 307 1624 1811 
372 393 1442 
1035 
1274 1568 1875 2501 2502 
10 2615 
1345 2395 2396 
441 1105 1138 1653 2072 
178 1534 2672 
1387 2571 
645 1071 1297 2389 2554 
670 1160 1222 1702 2535 
399 
902 1280 2200 2204 
264 297 365 1757 2686 
46 95 219 378 384 402 436 679 760 795 863 1063 1161 1193 1266 1295 1330 1683 1818 1819 2009 2012 2036 2269 2292 2302 2303 2304 2305 
96 409 737 752 965 1007 1389 1842 2057 2198 2203 2278 
702 740 1238 1544 1882 1959 2061 2062 2063 
96 735 752 965 1007 1389 1632 1842 2198 2203 
89 416 1270 1631 1975 2137 2179 
31 406 1081 1928 2163 
394 702 736 1238 1544 1882 1959 
142 1003 2034 
832 1012 1089 1283 2094 
1484 1621 1744 
89 161 746 1240 1571 1987 
224 581 1155 1359 
161 367 554 744 1128 1987 1996 2010 
282 1304 2007 
114 283 541 1539 
275 1104 1146 1170 1359 1375 1551 1569 1618 1733 2554 
275 1334 2156 
1442 
735 737 1205 2199 2203 
958 2084 2452 
1270 1881 
1359 1484 2451 
1278 1899 2072 
173 241 257 434 513 886 1470 1473 1693 2187 2188 
1285 1359 2422 
112 1359 1763 2493 
734 1704 
568 986 1427 1514 2460 2461 
1402 1444 
860 2449 
694 708 1636 
797 1359 1607 1613 
641 1148 2368 
317 599 846 1298 1869 
55 874 1702 2315 
1567 1724 1725 
1928 
1895 2118 
56 66 1081 1157 
909 
1073 1506 
561 
172 181 2076 
403 1414 1543 
703 
780 1225 1371 1915 1920 
703 779 1225 1371 1593 1915 1920 1974 
2342 
219 2403 
246 
639 894 1062 1144 2377 
961 1702 
1665 
948 
56 326 439 
1032 1953 2034 2042 2206 
1241 1704 
172 181 483 1549 1811 
181 2035 2131 
219 1489 1559 1987 2556 
1897 1903 1904 2593 
430 734 864 1161 1591 
604 1646 1811 
765 1104 1318 1359 
74 801 1359 1834 2360 
1382 1794 1795 1796 
962 
798 821 890 1835 
704 1471 1962 2517 
122 1308 
529 2101 
1308 
276 707 964 2237 
404 1384 
662 1227 1956 1957 
639 925 1786 2384 
267 549 1116 2229 2230 
1069 
856 901 
252 508 1301 1414 1543 
340 2377 
894 1159 2383 2384 
56 89 1175 1345 2018 2019 
121 437 484 1843 1981 2283 2406 
91 156 157 221 222 1737 1764 2457 
416 2000 
155 365 651 1359 1607 
801 890 
223 
703 1974 
482 1170 1359 1766 2222 
1832 
1766 
491 611 2288 2529 
325 1040 1922 2000 
445 1796 2465 
1817 
662 1915 2101 
137 742 1012 1359 1639 1734 2094 
2601 
179 208 346 1131 1642 1679 2037 2496 2596 
132 684 877 2169 
1122 1135 1655 1811 
520 709 1014 1132 1344 1573 2079 2404 
1423 2249 2671 
243 271 280 869 1132 2281 
486 966 2278 
1904 2482 
89 2035 
88 119 162 2017 
506 549 2340 2543 
265 473 1903 
317 599 767 
274 375 2147 
2190 2423 
229 986 1374 
395 578 1994 2352 
713 1465 2279 
89 416 1310 2019 
1801 
1170 1359 1763 
204 345 471 858 936 1098 1885 
812 2494 
1391 2249 
204 471 855 1098 1247 
2183 2503 
488 763 1031 1200 2097 
1428 1528 1759 
96 1398 2069 2331 
39 734 
39 430 795 1161 1591 
105 1066 2211 
2654 
41 1050 
658 872 1230 1253 2440 2441 2443 2523 2524 
839 989 1196 1342 1527 1845 2100 2277 
233 599 1441 1702 1865 
578 1120 2127 
658 868 1230 2531 2653 
1341 1414 1543 
262 768 1359 1480 1709 2314 
1702 
311 915 1943 1946 1951 
74 559 835 1359 2169 2585 
1177 1178 1301 1414 1543 1936 
437 886 2327 
398 1559 
974 1014 
1156 1200 
1359 
228 610 630 934 
90 153 
437 652 757 879 1040 2025 2387 
623 1401 
240 307 911 1624 1625 
615 1476 1557 
801 821 1831 1832 1833 
1270 1315 
646 1675 2609 
311 1951 
639 784 815 912 1052 2384 
641 1846 2368 
36 441 1188 1297 1914 
466 
147 1153 1157 1411 1495 1908 1984 2296 
93 1836 1837 2161 
298 1056 1859 1987 
640 812 
732 1043 1280 2074 2187 2200 
1285 1359 1605 
447 2031 2032 
133 380 542 648 1313 1361 1960 
390 1283 1484 1621 
578 2352 2354 
1352 1917 
773 1014 
446 
140 240 307 888 1624 2086 
34 894 1052 1535 2377 
2131 
221 
151 876 
1036 1741 2416 2598 
1027 
2640 
1099 1543 2066 
1359 
317 1894 
1915 2135 2294 
1308 1407 
621 
639 809 2384 
1223 
1863 
18 1317 2141 
328 1327 2064 
1359 2628 
381 478 2570 
1434 
663 
535 884 1039 
95 2357 
452 662 855 974 1874 
247 1068 2516 2531 2642 
1181 1305 2097 
619 2028 2231 
2174 
1830 
2518 
1925 1953 
1197 
2139 
1073 1513 1912 2389 
1967 2624 
787 
696 1396 1682 1683 
524 
94 438 646 
329 1359 
518 2547 
2566 2567 2568 
678 1113 
176 1483 1915 
493 2678 
753 1155 1359 1558 1686 1758 2084 2168 
307 1073 1799 
2530 
785 1777 2651 
800 1729 2556 2600 
1063 1666 1807 1808 1809 1810 1811 
30 44 204 259 376 707 806 1095 1142 1158 1418 1444 1704 1786 2241 2400 2401 2402 2435 
258 735 737 966 1389 2199 
840 965 1694 2198 
416 
2660 
599 1604 1987 
705 1484 1736 1744 2451 
17 365 467 1359 2366 
108 1651 
1001 2248 2580 2581 
116 177 253 278 307 455 631 672 683 881 936 1073 1143 1584 2017 2020 2154 
1497 
2098 
999 1432 
1282 
999 1359 
525 1304 1504 1840 1958 2208 
122 590 1368 1624 
1160 1222 
1092 1257 1459 2176 2177 
2131 
544 1069 2266 
761 849 1074 1150 1359 
2698 
1176 
869 
1508 1646 2286 2437 
311 1055 1543 
308 
497 597 
703 2156 
580 1220 1330 2310 
1310 1913 2386 
369 429 1136 1258 2249 2519 
183 184 1838 
977 979 1104 1285 1432 2366 
347 1359 
282 973 1326 2544 
13 2663 
142 623 741 1953 2034 2035 
364 599 1374 1688 2608 
1490 1811 
1542 
735 737 1303 
527 1155 1743 2467 
1417 1923 2060 2576 
307 2097 
444 1967 
742 832 
696 1337 1682 1683 1798 
70 182 335 472 507 511 531 837 881 909 1121 1294 1404 1465 1522 1584 1626 1645 1662 1676 1730 1841 1842 1843 1844 1845 1846 1847 1848 1849 1850 1851 1852 2046 
1559 
699 1069 1144 1386 1426 1453 1482 1520 1619 1789 1790 2263 2264 
5 562 596 1257 2177 
592 1476 2473 
2379 
1458 
181 219 2076 2078 2668 
2310 
133 380 542 1169 1277 1962 1963 1964 
1702 1987 2569 
626 
374 1043 
917 1304 2035 2532 
2395 
662 
119 2167 
860 
49 789 1953 
588 
174 688 2169 
722 
74 916 1434 1487 1741 1802 1834 
2563 
404 2448 2655 
566 934 1359 2504 
437 828 886 
1170 1318 1359 1766 
610 1244 1359 1467 2391 2449 
7 75 374 486 625 902 1026 1048 1119 1126 1199 1482 1518 1629 1926 1927 2052 2053 2055 2056 2074 2199 2334 
22 2310 
714 
110 307 662 1572 1774 
92 1511 2337 2388 2588 
1043 1589 2334 
463 
867 1433 1895 2611 
195 1082 1231 1321 1343 1381 1570 1635 2564 2565 
34 443 894 912 2123 2384 
1702 
230 1406 
991 1100 1433 1578 1606 1951 
900 1578 
168 2483 
2410 
1196 
1601 
1442 
784 1197 2377 
734 963 1193 1811 
395 578 1519 
395 2352 2353 
86 105 402 865 1097 1700 2212 
1575 
60 171 937 1217 1831 2308 2449 
811 985 1016 
240 
729 1073 1168 1359 1471 1726 1830 
1136 1258 2249 2672 
21 190 237 245 307 343 418 774 946 959 974 1071 1263 1359 1479 1484 1506 1726 1734 1741 1785 1798 1799 1800 1801 1802 1803 1804 1805 1806 
317 986 2164 
1502 1676 1677 
1125 1702 
117 
390 1484 2114 2451 
592 
56 211 1219 1915 
62 150 698 739 772 2163 2345 
1051 2564 
1535 2387 
322 1233 1451 2115 
1214 
1422 2110 2111 2395 
670 1125 2248 2580 
90 2435 
742 1090 
400 1089 1553 2087 
16 641 1094 1148 1272 1599 2368 
983 1257 2177 
1107 1172 2502 
16 600 1091 1272 1599 2368 
90 259 964 1370 1444 1654 
231 299 1326 1811 1987 2614 
398 402 412 1066 1634 
471 855 858 1116 1870 
919 1478 2067 2068 
1055 1578 1608 
599 1702 
375 510 1243 2147 2149 
516 1208 2291 2465 2466 
54 73 264 749 797 999 1124 1285 1359 1481 1521 1719 1749 1761 1887 1888 1889 
598 726 2265 
579 
1093 1875 2502 
599 606 1811 2244 2380 
391 
1534 2672 2675 2676 
1121 1225 2026 2296 
1120 1274 2126 2127 2130 
955 
108 1651 
1718 2561 
204 471 594 810 1098 1530 2277 
569 1224 
81 435 1629 2500 
75 1043 1417 2156 
871 1112 1236 1274 1463 1664 1698 2125 2126 2127 2128 2129 2130 
1014 1111 1584 2026 2195 
836 1132 1411 1656 1811 2137 
459 
1104 1359 
670 1076 1087 
1043 2333 
1824 
554 746 1584 1987 
1442 1955 2276 
578 1519 2352 2353 2354 
834 2496 
243 437 491 511 837 839 1122 1134 1216 1225 1501 1539 1656 1910 1931 2156 2186 2281 2282 2283 2284 
312 
1132 1501 1539 2186 
580 836 2297 
997 1072 1258 2249 2519 2672 2679 
74 1190 2360 2555 
726 
83 2249 2251 
53 1629 2055 2183 
477 
964 2295 
974 2327 
784 1016 1619 2156 2263 2377 
1246 1624 
749 1170 1359 
37 1506 1507 2255 
396 766 1091 1599 1866 2368 2372 
1318 1748 2221 2222 
986 1359 1895 1987 
1244 
2571 2701 
898 1928 2156 2417 
259 1402 
224 358 745 958 1008 1359 1715 1716 1743 2515 2516 
882 1230 
56 66 772 898 
90 964 2241 2464 
122 303 307 590 815 1636 2252 2253 2383 
730 982 2535 
39 402 734 795 864 2269 
111 
246 1511 
1403 2133 
1288 
146 538 1594 
1987 2583 
644 1071 
1023 1956 
112 189 302 440 525 553 629 690 749 824 854 1041 1146 1359 1715 1720 1721 1732 1735 1738 2221 2477 2493 
405 1477 
511 650 682 688 1093 1296 1356 1856 1910 2360 
305 468 
203 354 1251 
89 163 416 816 1913 2395 
988 2360 
296 508 878 1543 1936 
296 878 1543 1936 
1530 1909 1985 2351 
411 1956 
506 938 1305 
475 
473 560 1184 1580 
473 1183 1355 1580 1825 1826 
1191 2101 
279 1461 1993 2350 2359 2590 2591 
2536 2575 
896 1189 
1188 
74 559 1137 1359 2360 
38 1185 1388 
1559 2242 2340 
734 1063 1622 
307 1706 
369 1367 2671 
271 280 869 1059 
944 1062 1368 1625 2301 
1792 1999 
1043 
860 882 1215 1567 1600 1717 
1503 2208 2415 
458 2215 2534 
1429 1511 2337 2377 2525 
383 425 462 1216 1411 1843 2156 
752 1331 1603 1839 1840 
320 1359 1762 
1258 2672 
1103 2291 2465 
188 
65 1359 1738 
1649 
255 508 
1702 
608 1085 1291 
74 338 1200 1500 1717 1746 
271 1132 1204 1895 
527 1068 2447 2504 
231 397 
587 1080 1928 2117 
46 79 995 
240 
730 982 1578 1608 1950 
926 1225 
569 1117 
587 683 779 780 1111 1132 1223 1292 1342 1371 1526 1527 1584 1588 1661 1733 1849 1852 1920 1976 2152 2153 2154 2155 2156 2157 
1451 2580 
808 1956 1957 2529 
1270 
187 1537 2581 
658 868 872 1156 1255 1309 1359 1385 1507 1628 1750 2440 2441 2442 2443 
1051 1343 
654 
625 1084 
2434 
23 1703 1704 1967 
1120 1463 2127 2578 
2480 
736 740 1959 
155 1359 
744 2028 2612 
259 707 790 1444 1703 2238 
311 1702 1951 
1102 2147 2149 
1042 1151 1359 
494 
307 543 1145 1771 2081 
858 
1680 
604 1652 2046 
1484 2557 2559 
203 329 651 1174 2508 
103 307 506 1449 1624 
868 2657 
303 309 
658 1230 1309 
199 2249 
5 596 983 1017 1092 1762 2176 2177 
429 493 689 997 1072 1136 1207 2249 2250 2519 2539 2672 2674 2678 2679 2680 
453 506 645 
357 2343 
1560 2251 
2131 
111 190 565 568 1073 1510 
1408 
249 444 1532 
378 734 2292 
256 1530 1985 
646 648 1825 
163 1930 2310 
738 754 891 1228 1315 1631 1881 2228 
1623 2035 
16 600 1091 1094 2368 
311 1946 1948 1951 
723 1112 1120 2035 2125 2126 2127 2130 
240 
406 1469 
459 1023 1963 
756 
2269 2306 2307 
732 902 2187 2204 
450 2613 
978 1359 1747 1749 
685 742 906 1284 1484 1736 1777 2325 
1283 1777 2325 
758 903 999 1104 1359 1605 2451 
712 2183 
539 
60 482 1165 1359 
89 1310 
1623 1706 
213 1214 2259 
1225 1661 2155 
690 1318 1359 
66 1014 2419 
353 734 
1172 1988 
36 441 729 896 1911 1912 1913 1914 
317 599 767 
2704 
599 1702 1811 
252 508 813 878 1543 1934 1941 1942 2509 
26 599 1316 1317 1543 2141 
1007 
96 747 980 1027 2164 
506 938 1181 
467 1359 
365 1318 
803 805 923 1445 2537 
1230 1255 1628 
62 89 416 491 852 996 1289 1339 1626 1678 1742 1883 2016 2103 2104 2179 
2693 
469 1313 1314 2081 
905 1312 1314 
469 574 1312 1313 2408 
515 891 1270 
18 1302 
18 928 1302 1680 
690 797 1041 1149 1293 1307 1720 1721 1740 2221 2222 
13 2662 2663 
187 2035 
1051 1350 1492 2685 
2502 
64 2266 
1702 
2036 2266 
299 328 1001 1096 2064 2248 
929 2064 
496 1329 2162 
496 1328 2161 
79 734 995 
1205 1838 2069 
311 1577 1811 
437 622 2025 
750 1974 2196 2313 
1543 1578 1702 1942 1951 
1857 2088 2091 
87 696 1013 1453 1798 2033 2034 2035 
110 564 1702 2046 
1310 1913 2386 
155 1359 1754 
873 1414 1543 1944 
869 1225 2426 
1051 1231 
119 256 837 1508 1646 2166 2317 
26 725 816 1929 2316 
203 354 
110 307 520 1671 
282 1998 
219 1811 2164 2606 
40 1321 1635 2685 
1444 
70 263 605 908 1363 1536 1593 1973 2135 2283 
507 
98 662 
372 401 1184 2271 
1172 1958 
1614 
2026 2171 
31 35 54 60 69 73 74 91 102 112 155 156 157 171 174 175 229 245 247 290 327 334 338 342 347 358 365 467 490 502 525 553 581 610 614 617 627 646 685 687 688 690 709 745 749 755 758 759 765 797 798 820 824 832 854 874 877 883 903 920 930 952 958 971 979 986 1000 1039 1041 1042 1071 1073 1104 1124 1146 1150 1155 1170 1190 1206 1210 1230 1239 1244 1282 1285 1288 1293 1306 1340 1385 1390 1445 1472 1481 1484 1493 1500 1517 1547 1551 1563 1566 1569 1600 1605 1621 1647 1709 1710 1711 1712 1713 1714 1715 1716 1717 1718 1719 1720 1721 1722 1723 1724 1725 1726 1727 1728 1729 1730 1731 1732 1733 1734 1735 1736 1737 1738 1739 1740 1741 1742 1743 1744 1745 1746 1747 1748 1749 1750 1751 1752 1753 1754 1755 1756 1757 1758 1759 1760 1761 1762 1763 1764 1765 1766 1767 2598 
182 1465 1915 2279 2481 
542 648 905 1651 1903 1905 1961 2492 
566 1529 
1352 1373 1915 
508 1414 
41 
1703 1704 2510 2520 
369 1195 2249 
125 307 485 981 1197 1585 1657 1779 2081 2144 
703 1912 2554 
1095 1531 1654 
779 780 1225 1526 1920 1976 2275 2486 
1394 
43 1363 
519 849 1004 
749 
2587 
240 1849 2233 
1841 2069 2070 2071 2389 
1545 2059 2151 
1381 2565 
1051 1380 2565 
799 1795 
219 282 1503 2177 2284 
404 807 
1230 1359 
715 1016 2336 
728 2571 2572 
1191 
258 735 737 965 2182 2198 
342 1359 2598 
857 2682 
1694 
52 711 2213 
1372 
89 212 2138 
680 949 2073 2190 2267 2268 
1400 1422 2110 2229 2395 2396 
862 
566 1529 
1397 1502 2228 2310 2395 
887 2699 
90 259 762 1154 1586 
1164 1483 1617 1920 1973 
466 1014 2318 
2376 
230 1054 1509 1895 
923 2388 
1264 
371 1554 1827 1829 1830 
361 1554 1827 1828 1829 
898 1122 1204 1656 
2219 
705 1484 1736 1744 2451 
220 252 254 339 403 508 777 813 873 878 1341 1364 1543 1932 1933 1934 1935 1936 1937 
371 372 1416 2271 
371 372 393 1415 2270 
7 31 62 75 150 306 573 719 1009 1119 1469 1603 1922 1923 1924 1925 1926 1927 
530 964 1453 1530 1704 2261 2351 
79 
530 2260 2261 
1422 2395 2397 
1086 1397 1421 1976 2110 2111 2395 
838 
592 1693 
1622 1814 
1016 1619 
481 761 1752 
861 1726 1743 2447 
1203 1430 1535 2337 2377 2521 2525 
1429 1535 2521 
633 1719 
977 999 
1050 1055 1951 2664 
932 1036 2360 
446 1987 
1928 2060 2072 
2260 
1689 
2665 
201 2677 
870 1702 
51 242 266 372 455 541 591 649 721 751 1061 1129 1620 1701 1708 1955 1958 1959 2272 2273 2274 2275 2276 
433 2463 
762 964 1095 1241 1351 2241 2400 2646 
155 1308 1359 2324 
682 1447 
682 1446 
1929 
103 506 1252 2035 2046 
2682 
322 1084 1226 
195 2565 
1016 1337 1418 
1702 1987 
3 
442 1538 
1458 
650 1020 1457 
983 
2081 2219 
1186 2350 2359 
1635 2249 
1120 1236 1612 1664 
277 491 556 1696 2132 2133 2134 
182 263 713 851 1014 1360 1483 1684 1915 
1489 1800 
1042 
53 2173 
147 1276 1417 
757 1499 1693 2347 2350 2359 2591 
802 1071 1556 1825 1954 2554 
1359 1647 
241 513 757 1693 2188 
166 599 2707 2708 
594 1909 2262 2336 
615 889 1018 2470 2471 
405 1171 
1099 1543 2067 2068 
695 1073 1903 
262 874 1702 1895 
1104 1359 
1016 1043 1670 2333 2336 
956 1403 1465 1974 2133 
307 360 390 563 705 743 755 906 970 1073 1078 1250 1283 1359 1413 1621 1727 1736 1744 2084 2114 2209 
300 2384 2499 2521 
1915 
651 1036 1746 
1502 1850 2018 2138 
412 793 1466 2602 
1005 
307 2086 2328 
1321 
1359 1766 
430 
89 437 898 
94 438 646 
975 
550 2035 
1470 2026 2350 2591 
338 1215 1359 1777 
1132 1134 1539 2186 
117 1075 1400 1488 1677 2229 2396 
1201 1383 1504 2164 
980 1503 2242 2244 
1648 2210 
37 331 531 774 1073 1147 1553 1625 1700 1789 1802 2087 2108 
1147 1230 
119 447 990 1344 1646 2437 
1406 1895 2118 
190 1263 
1047 1163 1203 2388 
1520 
343 946 2024 2146 
568 761 1831 
1693 
2183 2235 
1359 2613 
75 1043 
578 1064 1130 
148 1016 1512 1535 2109 2336 2641 
84 1104 1751 1766 
99 1014 
40 1698 2681 
549 2450 
435 1694 2500 
1225 1371 1915 1974 
869 1225 1880 1978 1982 2100 2426 
61 89 332 416 861 1669 2275 2451 
428 514 566 1362 1399 
1116 1179 1267 1418 1909 1985 2351 
44 90 1370 2241 2465 
249 444 1265 1890 
40 2649 
493 727 1110 2672 
912 1083 1429 1430 1520 
96 281 1352 1917 2156 2294 
187 1229 2581 2703 
120 442 1456 
119 644 748 1132 1134 1501 1843 2186 
1915 
526 1629 2055 
1006 
217 220 252 298 339 403 777 813 873 878 919 991 1177 1178 1301 1302 1335 1341 1414 1478 1578 1608 1932 1936 1937 1940 1941 1942 1943 1944 
736 740 1882 2030 
1379 
369 2249 
342 688 1359 1805 2170 
2170 
172 791 
120 1902 2287 
749 1359 2084 
127 307 
37 1090 1506 1779 2592 
372 1409 1410 1828 
1658 2687 2688 2689 
459 1471 1954 2364 
889 
651 958 2084 2169 
793 880 1015 1192 1987 2339 2340 2341 
284 1261 
19 506 1624 
103 1624 
1359 1766 
2634 
1773 1787 
1359 2366 
769 1200 1733 1896 2072 
723 1655 1875 2501 
155 749 1359 1730 
451 1051 1967 
572 697 744 
1046 
237 307 837 1777 
599 2699 
520 1067 1987 
474 
1332 1811 
412 1055 1056 1100 1222 1335 1543 
2498 
48 560 1183 1184 2030 
96 457 545 1893 2200 2201 
311 1811 1820 
45 
367 377 554 974 1014 1121 1128 1225 1996 2026 
307 1368 1799 
90 1402 1654 
174 688 2169 
1225 2155 
1048 2056 2334 
102 1746 2597 
795 864 
2542 
780 1352 1915 2072 2486 
145 146 214 538 1166 
32 
2247 
2477 
321 433 
641 1091 1094 1148 2368 
111 1200 1359 2442 2461 2615 
1060 
1751 
7 96 101 316 1205 1417 2055 2073 2074 2075 
969 
47 903 1285 1359 
1055 1951 2664 
365 765 820 
1100 1222 1543 
547 2125 2127 2490 
1791 1792 1913 
245 313 566 688 2557 2558 2559 
1463 2125 
765 
1357 
211 1672 2035 
1666 
57 119 413 448 540 582 1403 1850 2051 
749 
430 1016 1144 1426 1790 
393 1442 2270 
360 743 906 1359 1484 2451 
1193 1425 
125 1271 1290 2426 
103 113 127 134 140 154 315 351 385 453 460 543 557 582 609 661 720 888 911 981 1145 1252 1561 1562 1768 1769 1770 1771 1772 1773 1774 1775 1776 1777 1778 1779 1780 1781 1782 1783 1784 1785 
110 318 385 410 590 888 1197 1506 1706 1778 1779 1780 1781 1786 1787 1788 1789 
1014 1310 1730 
211 
60 1230 1309 1741 
66 96 143 526 598 1043 1118 1140 1541 1636 2022 2054 2055 2056 2057 2058 2173 
6 1660 1712 
738 1270 2228 
737 2197 
17 365 1757 
1097 
40 83 1051 1350 1462 2394 
764 1159 1629 2384 
25 599 1702 2140 2142 
703 1974 
832 
178 1689 2680 
37 307 351 
638 834 2496 
440 2658 2659 
349 
416 1014 
796 990 1344 1508 
1359 1472 
109 1505 2161 2210 
1211 
95 
108 972 1114 1361 
307 1249 2046 
499 605 726 1849 1973 
44 90 1095 1370 1586 
836 1568 1953 2035 
12 150 1122 1132 1411 1840 1843 1895 2137 2283 2296 2385 
307 1368 1799 
1555 2687 2689 
89 2019 
6 1630 
1225 1292 2155 
110 455 1014 1852 
49 1667 2382 2399 
1120 1463 2578 
456 608 786 2148 
963 1616 1702 2035 
3 49 50 607 1663 2382 
163 439 652 
356 1528 
430 1482 1893 2333 
134 304 309 520 1347 
211 1615 1930 1969 2137 2138 
187 
2661 
892 1915 2609 
1014 1075 1677 1915 
1075 1502 1676 1915 1976 
89 192 416 1310 1909 
834 1747 
1248 1317 2141 
2057 2577 
408 410 460 696 949 1013 2319 2320 2321 
408 696 734 949 1013 2190 2292 2320 2321 2322 
182 1465 1974 2133 
2487 2514 
651 958 2084 
2648 
29 247 1004 1722 
1438 1640 2672 
156 157 
119 2113 
701 
173 241 292 504 513 575 757 1424 1470 1473 1515 2187 2188 2303 2346 2347 2348 2349 2350 
435 966 1392 1525 2409 
334 
277 1464 2134 
1714 
1120 1523 1987 2254 
538 2161 
485 1066 1506 
1442 
14 25 144 158 159 202 206 216 217 227 232 233 236 262 319 336 344 417 468 533 548 564 634 665 700 730 768 785 870 875 1024 1053 1076 1101 1213 1242 1300 1324 1335 1338 1441 1454 1480 1637 1666 1800 1821 1847 1853 1854 1855 1856 1857 1858 1859 1860 1861 1862 1863 1864 1865 1866 1867 1868 1869 1870 1871 1872 1873 1874 1875 1876 1877 1878 
23 464 1235 1241 1366 1704 1967 1971 1972 2239 
23 464 760 790 964 1235 1366 1418 1703 1907 1967 1968 1969 1970 1971 1972 2239 
384 1913 1987 2078 
307 488 1194 1290 1625 2082 2323 
559 2586 
1442 
468 874 1359 1858 2314 2315 
1359 1739 1740 1987 2366 
373 481 688 1359 2445 
1359 1630 1731 1732 1766 
1359 1726 2447 
89 1359 1697 1899 
1155 1170 1359 1728 
59 1155 1359 
1200 1215 1359 2447 
1115 1359 1732 2561 
1104 1359 1431 2686 
1170 1318 1359 1766 
1170 1318 1359 1766 
106 229 688 690 1359 1688 1762 2477 
290 313 1359 
74 566 769 1359 1725 
769 1359 1724 2216 2217 
60 558 629 688 1071 1073 1359 1428 1713 1735 1741 1746 2335 2414 2597 2598 
1359 1484 2169 
189 1359 1715 
962 1359 2258 2556 2600 
658 1014 1359 1569 1626 
1359 1712 
1170 1359 1712 1718 1756 
89 749 1225 1359 1567 
832 1073 1359 
1170 1359 1726 2598 
563 970 1283 1359 1413 1484 1777 2325 
156 818 1359 1764 
65 1170 1210 1359 1889 2617 
467 1359 1710 2366 2367 
54 617 1318 1359 1710 1751 1767 1887 2222 
269 313 658 916 1036 1073 1359 1628 1726 1805 2390 2391 2392 2393 
89 1310 1359 2594 
175 404 527 534 581 1008 1155 1359 1428 1750 1759 2308 2444 2445 2446 
390 705 743 970 1359 1413 1484 2114 2451 
1359 1766 
74 1215 1359 1487 1590 1726 2597 
1282 1359 1679 
1149 1359 
1104 1282 1359 
1230 1359 1743 2447 
1359 1521 1602 1740 1766 1767 
74 1359 1427 2597 
155 1359 1755 
155 1340 1359 
155 327 1359 1753 
1359 1732 1766 
365 651 733 1359 1633 2643 
958 1359 2452 
465 581 861 1359 1743 2467 
240 494 570 1359 
1104 1359 
5 224 1206 1257 1359 1722 2176 
112 759 854 1359 
156 157 818 1359 1737 
629 1359 
291 502 581 824 826 1041 1359 1493 1521 1563 1712 1720 1721 1745 1751 1756 2493 
1359 1740 1751 
1624 1784 
1624 1838 2326 
110 400 545 1624 
307 1246 1624 2081 
307 1624 1779 
110 307 427 488 1565 1624 1783 2046 
488 639 1046 1624 1781 1790 
1624 
104 307 351 485 1624 
139 338 961 1283 1284 1500 1573 1624 1736 2046 2079 2325 
134 427 1624 1625 2144 
351 1368 1553 1624 1625 1772 2328 
110 307 506 1624 1625 2319 
140 1624 1625 1774 
37 307 1624 1999 2108 
307 351 427 488 1624 1773 1799 2327 
1624 1768 
134 1073 1624 2046 2097 
110 318 809 964 1625 
19 1565 1625 
110 307 1625 1811 2046 2144 
1016 1506 1625 
110 427 1016 1619 1774 
104 696 1610 
192 1198 1610 2046 
582 2486 
799 
799 1382 1796 1797 
799 829 1795 1797 2300 2465 
1795 1796 2298 
307 1013 1073 1337 2089 
307 330 488 959 1073 1585 1657 1783 
307 1073 1466 1702 
477 853 1073 
1036 1073 1506 2204 2452 
307 1073 2080 
78 355 660 1073 
307 1073 1547 1741 2452 
110 307 427 557 1073 
454 963 1810 
181 430 483 963 2035 
580 963 1811 
963 1807 1811 
14 28 225 231 352 482 483 512 550 569 577 717 720 791 796 836 963 1005 1063 1096 1108 1122 1300 1332 1349 1577 1582 1788 1809 1810 1812 1813 1814 1815 1816 1817 1818 1819 1820 1821 1822 1823 1824 1870 
1811 1823 
483 1811 1987 2035 2551 
1425 1811 
483 1811 
311 1811 1951 
830 1811 
734 1811 
734 1811 2306 2307 
1582 1811 1949 
1702 1811 1874 
317 599 604 717 1811 
1811 1812 
599 1127 1811 
361 449 646 1184 1268 1471 1826 1827 
393 473 1184 1825 
265 449 646 1409 1410 1825 1828 1830 
1410 1554 1827 1829 
239 1409 1410 1828 
941 1071 1409 1827 1903 
890 1068 1514 2046 
825 890 
890 
798 1036 1835 
373 450 801 1834 2360 
899 2158 2161 
93 899 
184 998 1331 1769 
96 1205 2183 2220 
12 980 1205 1656 2425 2454 
1014 1378 2072 
409 735 737 1014 2057 
121 817 1014 1204 1539 1656 1980 1981 2282 2406 
416 1014 
869 1014 2277 
895 1014 
1014 1702 1868 2118 2358 
89 416 1014 
326 1014 1225 1377 1653 1910 2420 
57 413 448 1014 1488 1617 1915 
33 416 667 1014 
119 694 1014 1225 1662 2486 
1702 2046 
1702 
1702 
1172 1702 
307 1336 1702 2046 2097 
305 1702 1709 
900 1702 
1702 1987 
1702 
1702 
1 927 1702 2583 
533 1702 
233 599 870 1702 
312 1148 1702 
634 1702 
1702 1847 2118 
232 317 767 1702 
200 204 206 278 421 466 1098 1702 1811 2310 
158 599 1702 1987 
103 229 418 1702 
1702 
604 936 1702 1821 1987 
723 1107 1568 1702 2501 2502 
599 1702 1987 
1702 1987 
1702 2574 
103 662 2257 
491 579 662 1527 
480 662 754 1270 
662 736 740 1544 1959 
89 515 517 662 1310 
662 
114 250 662 855 1886 1959 
662 1885 2645 
1104 1740 
1104 1889 
1104 1738 1888 
430 1532 1891 1892 1893 1894 2035 2040 2131 
1890 2131 
1890 2035 2131 
1581 1670 1890 
921 1890 
230 262 537 771 1050 1150 1216 1406 1480 1509 1656 2035 2118 2119 
646 1567 
542 710 794 1898 
1897 1904 
380 646 756 1714 
389 646 1903 2492 2511 
646 2609 
120 646 1550 1955 2285 2287 
265 449 794 845 1361 1479 1830 1900 1904 1905 
710 794 841 1898 1903 1961 2270 2593 
1361 1903 1961 
211 1915 
211 1704 1908 1965 2060 
147 211 567 674 675 718 898 1907 
89 212 416 1179 1475 1530 1678 
212 240 1132 1172 1849 2306 
122 1297 
946 1297 1369 2554 
436 996 1175 1297 1339 1610 1705 2103 2104 2405 
36 441 896 1297 
42 70 176 507 597 605 779 780 831 922 956 1080 1360 1363 1465 1486 1526 1540 1593 1675 1676 1677 1850 1906 1916 1917 1918 1919 1920 1921 2389 
1915 2650 
908 1536 1915 
455 1915 2458 
507 1915 
779 780 1225 1371 1403 1915 
70 1915 1927 2311 2423 2654 
316 828 1417 
1009 1417 
1417 1928 
943 1417 1928 
1043 1417 2621 
70 1043 1417 1921 2052 2053 2190 
147 306 406 739 770 1153 1219 1436 1924 1925 1929 1930 1931 
1345 1448 1928 2318 2476 
1269 1672 1928 2035 
1132 1928 
508 1414 1543 
403 1414 1937 
252 508 1301 1414 
339 1414 
878 1177 1178 1414 1543 
403 508 1414 1543 1933 
549 1939 
1938 
20 1543 
403 508 1301 1543 
508 1301 1335 1543 2509 
151 876 1543 
1341 1543 
311 337 353 1946 1947 1951 
311 876 1273 1945 1947 1948 
311 1945 1946 1951 
311 1273 1946 1951 
311 1820 1951 
311 1222 
311 337 876 893 1055 1242 1273 1335 1433 1606 1816 1945 1947 1948 1949 
623 1953 2205 2207 
623 789 943 1003 1032 1655 1952 2205 2206 2207 
459 1471 1556 
591 1129 1442 1902 1956 1957 1958 1959 2276 
677 808 1169 1180 1227 1955 1957 2236 
808 1227 1955 1956 
980 1356 1442 1955 2242 2631 
736 740 1238 1442 1882 1885 1955 
120 133 380 905 2622 
1361 1904 1905 2492 
704 802 1023 
1023 1277 1964 
1023 1963 
249 464 1907 1966 1967 
40 1965 
95 363 444 464 947 1011 1235 1570 1703 1704 1965 1972 
276 1704 
1672 1704 2035 
1704 2237 2239 
272 1703 1704 
1703 1704 1967 
1352 1403 1653 
33 253 491 505 667 780 823 1334 1483 1526 1638 1684 1975 1976 1977 
579 738 1974 
1225 1371 1422 1677 1974 2110 2111 
148 503 1974 
437 1527 
250 437 479 515 622 
437 1843 1981 2179 2406 
437 817 1843 1980 2406 
437 491 1527 
131 437 
56 439 898 2035 
439 652 1179 1267 1530 
438 439 
3 46 69 72 152 161 180 202 216 233 336 367 392 461 477 520 567 674 682 744 746 793 900 969 1024 1096 1128 1150 1167 1435 1454 1559 1575 1698 1705 1710 1813 1860 1871 1874 1876 1877 1988 1989 1990 1991 1992 1993 1994 1995 1996 1997 1998 1999 2000 2001 2002 2003 2004 2005 2006 2007 2008 2009 2010 
1296 1987 2005 2510 
397 1987 
461 1987 
1987 
1987 2326 
1186 1987 
850 1987 
170 1987 
554 746 1584 1987 
9 328 1987 2064 2065 
1348 1987 2413 
110 192 520 696 1198 1782 1987 2327 
286 819 828 1987 
161 268 315 1987 
92 430 504 575 1987 2003 2004 2045 2122 2124 2336 2349 2379 2380 2381 2382 
1987 2002 2380 
186 333 1987 2002 2124 
181 317 1987 1988 
1987 
747 1987 2478 
1987 
734 1987 2302 
161 554 746 1987 2026 
89 119 162 2017 
26 89 734 
89 273 
89 472 
89 416 
89 1310 2072 
89 843 974 2011 2072 
89 131 816 1488 2468 
77 357 622 816 852 1659 2020 
974 2019 
56 324 
56 66 240 1629 2419 
324 455 2191 
652 1513 2218 
479 652 886 1333 2157 2179 
150 573 672 1111 1121 1358 1499 1584 2010 2027 2028 2029 
488 2026 2046 2097 
939 1240 2026 2361 
2026 
473 1544 1580 
119 904 2113 
904 2437 
1337 
741 789 1003 1337 
15 50 87 142 159 225 383 418 618 692 792 842 1003 1027 1271 1274 1320 1337 1449 1498 1615 1655 1666 1808 1813 1890 1892 1895 1930 1969 1984 2036 2037 2038 2039 2040 2041 2042 2043 2131 
734 1325 2035 
834 2035 
181 2035 
294 2035 
1890 2035 2043 
34 2035 2121 2123 
49 430 789 2035 
2035 2040 
430 2407 
430 2002 
110 127 134 140 154 216 237 307 309 319 342 520 564 604 700 1014 1249 1338 1449 1652 1773 1777 1785 1788 1792 1831 1853 1857 2027 2047 2048 2049 
237 307 485 2046 2049 
295 2046 
307 2046 2047 
81 143 
1617 2486 
1043 1927 2365 
75 545 1043 1927 
53 1629 
96 457 526 1043 1140 1541 1603 1629 2134 
1043 1589 1629 2199 
101 409 735 1629 1681 1842 2312 2577 
526 1629 
636 1379 2151 
147 406 719 1009 1436 1907 
736 
736 
702 736 
328 929 1326 1327 1997 
328 1997 
919 2067 2068 
1099 1478 2066 2123 
1099 1478 2066 
862 1331 1378 
703 1378 2071 
703 1378 2070 
726 756 1436 1567 1593 1841 2016 2017 
1396 1603 2183 
902 1043 1603 
96 1603 2182 2278 
15 776 1021 2077 2078 2092 2668 2669 
181 219 2076 2078 2668 
15 487 1021 1705 2076 2077 
237 307 837 1777 
127 237 1803 
113 307 488 609 656 1246 1312 1368 1460 1771 
485 1706 
19 134 
368 506 651 753 958 1484 1551 1558 1686 2169 
307 351 410 
307 351 911 1491 2090 
307 1090 1506 2095 
307 1336 
307 1798 
307 351 2086 
307 351 657 1336 
219 307 2076 
110 
110 742 832 
37 110 442 531 2087 2107 
110 136 2146 2330 2505 
860 938 1010 1785 1857 2027 
80 523 976 2099 
2098 
491 869 1527 2426 
804 831 1185 2102 
703 2101 
1310 1913 2386 
1310 1913 2386 
517 
491 518 
37 2095 
37 400 1506 1782 
694 1520 
605 1086 1397 1422 1976 2111 
1086 1422 1976 2110 
712 
119 256 712 1691 2031 2437 
705 712 1078 1484 1744 2451 
387 1084 2510 2520 2589 
387 2118 2520 
357 1219 
387 771 1509 1847 1868 1895 2116 2119 
230 1895 2118 
34 219 
34 443 666 2041 2638 
34 2002 2123 
92 197 333 628 666 1052 2041 2067 2122 2124 
92 331 2002 2004 2123 2381 
1120 1274 1609 1612 2126 2127 2128 
1112 1120 1274 2125 2127 
871 1112 1120 1236 1274 1609 2125 2126 
547 1120 2125 2131 
1120 2130 
1112 1120 1274 2129 
431 692 792 913 984 1262 1890 1891 1892 2035 2128 2250 
1464 2134 2183 
1164 1464 1483 1684 
277 435 1464 1696 2055 2132 2183 
922 1352 
176 191 2283 
738 1122 1656 1672 
1395 1488 1672 
549 599 945 
25 1637 2141 2142 
18 928 1302 1680 2140 
25 1637 2140 2143 
2142 
304 1368 1778 1788 
136 138 2146 2330 2332 2505 
19 1513 2096 2145 
375 510 847 1102 1243 2148 2149 
375 456 659 1665 2147 2487 
510 1102 1243 2147 
375 
1379 2059 
94 1225 2424 
1225 2386 
974 1225 2156 
1225 1292 1588 1661 
75 281 540 587 750 994 1119 1132 1144 1153 1204 1225 1536 2154 2294 2295 2296 
325 652 1225 2025 
109 1836 2159 2160 2161 
2158 
24 2158 2161 
899 1329 1648 1699 1836 2158 2160 2162 
1328 2161 
31 62 739 1081 2164 
1074 1304 1349 1503 2163 
88 2218 2283 
119 280 1344 
119 1030 
958 
835 877 1034 1558 1587 1727 2084 2170 
132 684 1547 1548 2169 
1358 2172 
2171 
53 526 1468 1629 2183 
940 2175 
2174 
5 983 1257 1762 2177 
5 596 983 1017 1092 1257 1383 2176 
399 645 2368 2372 
77 89 416 738 1310 1980 2025 
441 
82 258 526 2183 2184 
96 143 526 1389 2075 2197 2198 2203 
53 96 240 416 526 859 1140 1286 1516 1839 2073 2132 2134 2173 2181 2199 2232 2233 2234 
96 526 2181 
71 442 
1132 1134 1501 1539 
757 902 1280 1693 2200 
173 757 1473 1693 
455 
70 455 848 1396 1683 1927 
455 2023 
388 
145 214 496 538 
2195 
215 325 1121 2194 2196 
595 664 1334 2195 
1632 2182 
96 735 737 966 1389 2182 
752 965 1043 2056 2183 
96 457 545 681 732 902 1581 2187 2201 2202 
96 1581 2200 
96 553 2200 
735 737 752 2182 
732 1280 1802 2331 2512 
1952 1953 2522 
49 789 1953 
49 1952 1953 
980 1201 2242 
1484 
109 1505 1648 
105 865 
1066 2357 
709 711 1393 2217 
52 422 711 
52 1202 2217 
52 458 1725 2217 
422 458 709 1725 2213 2215 2216 
97 176 232 2024 2165 
1412 1460 
476 486 1839 
1149 1170 1318 2222 2526 
824 1149 1318 1740 2221 2508 
76 285 2225 2226 
76 85 285 2225 
76 85 285 584 2223 2224 2226 2227 
76 285 584 2223 2225 
85 285 2225 
267 635 1270 1400 1631 2229 
810 1397 1502 2228 2395 2396 
267 602 810 
483 607 939 2297 
2183 2293 
316 1377 2183 
637 2183 2292 
1516 
613 677 1956 
152 806 1970 2238 
1241 2237 2239 
23 152 153 628 707 1703 1704 1970 2238 2240 2241 
2239 
153 964 1158 1444 1531 2239 2400 
501 1192 1504 1958 2208 2243 
2242 2540 
1108 1504 2245 2246 2247 
282 2244 
2244 2247 
1596 2244 2246 2248 
282 973 1087 1326 2247 2510 2544 
349 429 838 857 997 1072 1136 1139 1256 1258 1367 1462 1546 2250 
369 1258 2131 2249 2519 2672 
284 349 1139 1261 
122 1159 2253 
122 1159 2252 
1698 
1147 
226 
103 1879 
1729 
1291 
1420 1437 2336 2338 
530 1418 1420 
719 1475 
1016 1144 
95 1016 2491 
1105 
985 1323 1325 
1396 2268 2322 2365 
1396 2267 
310 384 734 1161 1279 2292 
21 371 393 1416 1620 1904 2271 
21 129 1355 1415 2270 2376 
1442 
1442 
1442 
1371 1442 1528 
1129 1442 1955 
869 1116 1845 
735 840 2075 
851 1360 
111 566 2467 
243 271 280 839 1132 
1132 1843 2406 
817 1132 1352 1656 2136 2165 
576 1132 1383 
1902 2286 
452 990 2285 2287 
1550 1902 2286 
611 827 2289 
115 611 2288 
445 585 624 2465 
445 1103 1208 2465 2497 
378 482 716 734 1266 1683 2234 2269 2293 
2232 2292 
922 1536 2156 
1142 2156 
87 898 1111 1656 2156 
314 1135 2231 
1797 2299 2300 
2298 
1796 2298 
1197 
734 2009 
734 1693 
46 734 2542 
466 470 734 2386 
310 454 1279 1819 1910 2307 
454 1279 1819 2306 2553 
483 1068 1743 
160 483 532 2560 
211 462 995 1022 1044 1269 1400 1870 
22 1921 
2057 2577 
62 1334 
874 1709 
768 1709 
1345 
1344 
26 1404 1929 
1682 1780 
696 1682 1683 
1682 1683 
1683 2267 
1706 
345 1445 
1283 1284 1736 1777 
509 1769 1992 
879 1143 1783 1999 
700 1491 1779 2329 
2328 
138 398 2096 2145 2331 2332 
862 2204 2330 
2145 2330 
1126 1482 1670 
1043 1048 1589 
175 1726 
152 628 1386 1475 1482 1520 2002 2260 2337 
1047 1203 1429 2336 2525 
2260 
1559 2556 
844 1192 1559 2341 
1559 2340 
781 
1260 
31 2345 
280 1081 2344 2476 
1693 
1470 1693 2350 
457 545 1693 
577 1693 2002 
1186 1461 1470 1499 1693 2347 2359 
1179 1418 1530 
395 578 850 907 1065 1130 
578 1065 1130 
578 907 1130 
578 
95 2357 2358 
676 935 2212 2356 2358 
40 95 1847 2356 2357 
632 1186 1461 1470 2350 
291 481 688 798 1137 1172 1176 1190 1434 1835 2373 
28 607 2028 2579 
607 
443 
126 1556 
668 2052 2267 
392 617 971 999 1566 1710 1739 
47 687 1739 
16 396 766 895 1091 1094 1148 1272 1599 2178 2369 2370 2371 2372 
2368 2371 
2368 2371 
2368 2369 2370 
1148 2178 2368 
481 688 2360 
268 
21 
21 372 1405 2271 
784 814 912 1062 1144 1203 1429 
373 
1019 2002 
1108 2002 2003 
92 2002 2124 
1663 1667 2002 
815 1159 2384 
300 589 809 815 894 925 1052 1485 1636 2383 
1656 
192 996 1339 2103 2104 2153 2305 
300 886 1083 
272 300 639 1047 1407 1511 
176 552 729 946 1378 1915 
1741 2452 
490 1042 1741 2392 2452 
490 1741 2391 2452 
536 1741 2452 
369 1635 
89 472 505 601 725 1028 1086 1175 1397 1400 1421 1422 2229 2396 2397 2398 
725 1397 1502 2229 2395 
505 1421 2395 
2395 
1663 2494 
44 964 1444 2241 2435 
44 964 
376 964 2435 2436 
782 2404 
837 2403 
1913 
121 484 817 1843 1980 1981 2282 
524 2044 
574 644 1314 
435 1694 
717 1058 
2412 
2411 
198 470 1998 
1726 2415 2416 
1201 2414 
916 2414 2598 
1153 2418 
2417 
58 66 240 573 1294 2022 
66 75 498 1849 
641 
758 
848 1921 
280 305 519 2152 
196 1840 
1342 1527 1623 2100 2427 
2426 
38 350 2429 
2428 
251 
202 571 
2433 
2432 
1234 
376 964 1088 2400 2402 
376 2402 
990 1508 2032 2113 
168 169 2439 
169 2438 
868 1230 2531 2653 
658 868 1230 2531 
1230 1600 
658 868 1230 2531 2615 
616 1743 
17 465 581 1711 1743 2504 
465 581 1743 2504 
610 1217 1428 1713 1717 1750 2448 2449 
610 1038 2447 
610 763 1042 1068 2447 
1524 
390 563 705 755 970 1078 1285 1413 1528 1621 1744 2114 
269 368 753 1758 1802 1805 2390 2391 2392 2393 2453 
2452 2686 
355 1840 
27 100 123 
27 100 123 124 
673 818 
500 1918 2459 2650 
500 2458 
761 2690 
761 1600 
107 
1443 
90 341 585 1158 
445 516 585 624 829 1103 1208 1531 1796 2290 2291 2466 
516 1103 2465 
426 534 1008 1759 2280 
2018 2469 
2468 
366 1476 
615 1476 
49 2494 
193 457 592 643 668 1018 
218 2649 
218 244 
1929 2345 
106 525 565 1170 1597 1722 2652 
2007 
125 
1237 
332 713 1360 
611 841 
168 1057 
386 2485 
370 386 2484 
253 1371 1593 1793 1852 2051 
456 1685 2148 
86 
86 
1609 
95 2264 
1361 1900 1961 
112 302 759 1170 1766 
158 856 2399 2472 
418 2496 
834 1131 1642 2495 
2291 
389 704 1579 
272 300 1485 
1118 1525 
723 1568 1875 
723 1093 1107 1322 1875 
859 
404 617 1039 1217 2445 2446 
138 2096 2145 
407 
115 
354 1251 2222 
508 1301 1942 
1366 1988 2115 2248 2520 
1900 
2204 
570 
1685 
1155 2516 
247 937 1155 2515 2531 
695 802 2518 
942 2517 
149 382 997 1136 1258 2250 2539 
1366 2115 2116 2510 
1429 1430 1485 
2205 
658 868 2657 
658 868 
1203 1429 2337 
155 2221 
561 586 
541 
827 1227 
960 
872 937 2440 2441 2443 2516 
1027 
461 
1202 
606 621 730 1160 2536 
1187 2535 
1308 
118 260 
382 451 493 1258 2519 
238 2243 2541 2633 
2540 
1592 2304 
844 
270 1001 2248 
4 
11 
6 467 629 953 
489 516 
583 
583 
1813 
270 
2307 
729 749 1369 1471 1912 
1137 2690 
793 962 1729 2339 2600 
627 1250 1611 
1611 
627 1250 1611 
2309 
1115 1718 2562 
2561 
293 1037 
1051 1082 
195 1051 1380 1381 1452 
954 2567 2568 
954 2566 
954 2566 
1024 
381 478 931 
728 1152 1387 2573 2574 
1387 
2571 
1878 2571 
1187 
1009 
1681 2057 2312 
1236 1664 
28 2361 
973 1087 1226 
187 973 1229 1537 
84 450 
1 1167 1863 
248 
877 
559 1707 
1376 
1047 
2115 
1186 
1186 1470 1499 
235 1553 
794 1904 
1742 
219 2681 
834 
1590 1726 1746 1752 
916 1359 1390 1726 1735 2416 
330 
962 1729 2556 
833 
1489 2610 
2604 
2603 
100 124 128 
1349 
671 
1004 
892 1675 1901 
412 2602 
1050 
1240 
1281 1517 
1096 
10 495 724 1600 2443 
333 2697 
65 1738 
167 
2620 
2619 
1926 
1960 
146 
947 
45 2702 
2627 
2626 
930 
68 
693 
1958 2700 
67 
2540 
1564 
2636 2637 
2635 
2635 2694 
2121 
448 
918 
1520 
536 937 
17 359 365 1757 
112 
1886 
30 259 707 1444 
195 
244 474 1687 
244 1533 2474 
1916 2458 
961 
60 106 2477 
358 872 2440 
866 1921 
404 1038 2656 
2655 
1253 2523 
1643 
1643 
968 
1674 
13 1319 
13 1002 1319 
1433 1606 
1439 
2667 
2666 
46 487 1021 2076 2077 2669 
15 46 487 2076 2668 
593 
838 1195 2680 
429 727 1072 1110 1136 1207 1258 1534 1689 2250 2673 2674 2675 2676 
2672 
493 1258 2672 
1110 2672 2676 
1110 2672 2675 
201 1440 
957 1258 
493 1136 1258 
178 1258 1640 2671 2683 
1523 2595 
210 362 1391 1450 2684 
178 2680 
2682 
1321 1350 
297 733 1719 2453 
1555 1658 
1555 2689 
1555 1658 2688 
2460 2555 
612 
72 207 
1311 
2637 
432 2696 
432 2695 
2616 
987 
1401 1574 
2631 
1152 
45 2625 
187 1537 
1299 
642 
288 
166 170 1474 2708 
166 599 1474 2707 